{"id": "1004405", "question": "一个关于PCA与eigenvector的问题", "description": "<div class=\"col-md-11 col-xs-10\"><p>一个有3个features的矩阵，这三个feature相互独立并每一个都符合正态分布，copy一个feature，将此feature并入矩阵，组成4features矩阵，请问PCA之后得到的eigenvector里最大的值是多少？</p><p><br/></p><p>感谢各位帮助，完全不知道 做</p></div>", "viewer": 3151, "tags": ["统计/机器学习", "无监督学习", "数据降维", "特征选择"], "answers": [{"lvl1_answer": "<div class=\"col-md-11 col-xs-10 p-r\"><p>答案是1。</p><p>问题应该是“PCA之后得到的eigenvector里<span style=\"color: rgb(255, 0, 0);\">绝对值</span>最大的值是多少”。</p><p>3个独立feature，求PCA时，会依次把方差第$i$大feature的单位向量作为第$i$个component， 最后PCA的eigenvector（component）是xyz轴的正交基（orthonormal）。所以x轴[+/-1 0 0]的最大绝对值为1. </p><p>当复制一个feature后，xy轴不变，z轴扩展为一个平面，x轴扩展为[+/-1 0 0 0]，最大绝对值还是1.</p><p>做实验验证下：</p><pre><code class=\"python\">import numpy as np\nfrom sklearn.decomposition import PCA\nnp.random.seed(0)\nn=100000\n## Gaussian\nA=np.random.multivariate_normal([0,0,0],np.diag([300,20,1]),n)\n## Poisson\n# A=np.zeros([n,3])\n# for i in range(3):\n#   A[:,i]=np.random.np.random.poisson((i+1)*100,size=n)\npca = PCA(3)\npca.fit(A)\nprint('---3 features PCA---')\nprint('eigenvectors:')\nprint(pca.components_)\nprint('eigenvalues:')\nprint(pca.explained_variance_)\nprint('max abs element of eignvectors is %f'%max(abs(pca.components_.flatten())))\n\nB=np.concatenate((A, A[:,-1].reshape([n,1])),axis=1)\npca1 = PCA(4)\npca1.fit(B)\nprint('---3+1 features PCA---')\nprint('eigenvectors:')\nprint(pca1.components_)\nprint('eigenvalues:')\nprint(pca1.explained_variance_)\nprint('max abs element of eignvectors is %f'%max(abs(pca1.components_.flatten())))</code></pre><p>结果：</p><pre><code class=\"python\">---3 features PCA---\neigenvectors:\n[[ 9.99999758e-01  6.61747537e-04 -2.16070381e-04]\n [ 6.61727522e-04 -9.99999777e-01 -9.26909242e-05]\n [-2.16131671e-04  9.25479220e-05 -9.99999972e-01]]\neigenvalues:\n[299.24945095  19.99189396   0.99597203]\nmax abs element of eignvectors is 1.000000\n---3+1 features PCA---\neigenvectors:\n[[ 9.99999734e-01  6.61746150e-04 -2.16794328e-04 -2.16794328e-04]\n [ 6.61703761e-04 -9.99999772e-01 -9.78196862e-05 -9.78196862e-05]\n [-3.06684953e-04  1.38135016e-04 -7.07106741e-01 -7.07106741e-01]\n [-0.00000000e+00  5.26484535e-17  7.07106781e-01 -7.07106781e-01]]\neigenvalues:\n[2.99249465e+02 1.99918941e+01 1.99194394e+00 2.49383447e-32]\nmax abs element of eignvectors is 1.000000</code></pre><p><br/></p></div>", "lvl2_answer": []}, {"lvl1_answer": "<div class=\"col-md-11 col-xs-10 p-r\"><span style=\"font-size: 14px;\">感谢老哥回复！！！</span></div>", "lvl2_answer": []}]}